10
4 6
0 3,1 0,1 3,2 3,3 0,3 1
11
6 15
0 2,0 3,1 2,1 4,2 1,2 3,2 4,3 2,3 5,4 2,4 3,4 5,5 1,5 2,5 4
15
25 2
2 7,10 20
1
2 1
0 1
9
18 23
0 1,1 4,1 10,3 1,3 6,3 16,4 6,4 13,5 13,7 8,8 17,9 13,10 1,10 2,11 14,12 2,13 7,13 10,15 2,16 10,17 1,17 6,17 15
2
11 18
1 3,1 4,1 6,1 10,2 6,2 8,4 1,4 8,5 4,5 7,5 10,6 2,6 3,8 2,8 4,10 2,10 5,10 7
9
8 0
3
9 23
0 1,0 8,1 3,1 4,1 8,2 3,3 4,3 5,3 6,3 7,4 6,5 0,5 4,6 1,6 2,6 5,7 0,7 2,7 4,7 5,7 6,7 8,8 5
10
12 8
2 8,3 4,4 7,5 0,5 2,5 3,6 8,7 10
14
6 10
1 4,2 1,2 3,2 4,3 1,3 5,4 2,4 3,4 5,5 4
8
