10
12 1
95 11 68 13 33 26 24 60 56 47 79 21
12 2
95 11 68 13 33 26 24 60 56 47 79 21
25 23
71 40 52 66 95 80 61 56 26 64 34 47 99 51 96 86 63 55 49 72 82 43 93 42 76
25 1
71 40 52 66 95 80 61 56 64 34 47 99 51 96 86 63 55 49 72 82 43 93 42 76 26
25 5
71 40 52 66 95 80 61 56 64 34 47 99 51 96 86 63 55 49 72 82 43 93 42 76 26
25 24
71 40 52 66 95 80 61 56 64 34 47 99 51 96 86 63 55 49 72 82 43 93 42 76 26
25 25
71 40 52 66 95 80 61 56 64 34 47 99 51 96 86 63 55 49 72 82 43 93 42 76 26
25 3
26 34 40 42 43 47 49 51 52 55 56 61 63 64 66 71 72 76 80 82 86 93 95 96 99
25 5
99 96 95 93 86 82 80 76 72 71 66 64 63 61 56 55 52 51 49 47 43 42 40 34 26
25 5
34 26 42 40 47 43 51 49 55 52 61 56 64 63 71 66 76 72 82 80 93 86 96 95 99
