25
0 9 18 19 43 56 68 73 74 86 93 99 132 542 598 607 777 949 2223 4007 4610 6032 7529 7550 9794 9857 11435 17954 88352
10 43 593 15086 45125 86806
21 45 54 65 78 88 89 99 133 157 163 257 455 634 972 2000 5077 5307 5457 5504 5743 6402 9321 9838 10978 12595 26462 68662 82132
3 13 18 47 50 51 63 73 93 532 797 857 1469 2628 3057 5146 7160 64135 64402
244 2891 5067 5191 7102
98 148 619
10 20 45 46 65 78 153 192 430 470 660 799 2767 5923 6409 6475 9331 10396 15662 23701 24694 38225 40842 58629 68708 80196
31 52 59 83 530 545 727 846 980
13 75 318 689 1716 4919 83846 91863 97735
21 119 172 220 382 467 488 649 798 799 2155 4749 9140 9181 10133 64114 80226 93403 98303
6 14 29 35 38 44 61 65 77 87 88 113 154 318 543 792 824 995 1616 2182 5328 6396 6895 8781 16382 28073 30472 50367 69018
90 91 97 140 159 221 268 483 848 918 5001 5073 5107 6003 7723 9310 9533 69928 76196 76219 84881 92412
0 30 39 59 68 83 141 529 609 646 700 799 860 1087 4454 4692 4803 6658 54956 57655 81959 82759 85364
25 52 96 381 532 3865 75357 78097 80919
19 94 255 429 612 633 842 912 2757 3227 35419 79206 83108 90360 93112
37 68 74 93 652 895 1090 2503 3196 4547 4844 5170 5392 7552 7663 7917 23804 50493 59788
0 16 55 136 416 463 973 6849 7337 10523 30764 41969 75924
47 72 398 859 5106 6108 52489 54449 60722
24 36 72 75 83 84 590 876 2699 5456 5680 7222 42988 43899 49582 59181 72629 75895
4 22 42 51 58 59 65 71 77 167 383 455 535 847 1303 5629 33907 47253 89133 98052 98356
3 9 22 26 67 264 509 538 687 885 5254 5640 6039 7451 16712 59269 70851 98852
131 743 877 934 1243 2440 9903 16856 95252
18 77 251 429 623 668 879 1681 2036 2436 2803 4057 5670 6314 7511 8606 8945 9418 21288 23828 29112 30984 52011 96048
12 75 856 8019 9992 70765
25 34 46 61 63 85 90 231 303 687 3190 6446 6763 9112 9400 32709 85349
