100
6566832 121145770
83861962 442503106
954031266 1094811092
45293078 166717738
2041679849 2051287937
118972420 131203543
492026934 2018339073
403555292 428253450
1412489584 1613378470
139012142 1724168390
552240742 2110576592
281255322 951072450
859321883 957444255
274366090 620828416
586686040 1971371564
403964028 1891366538
287906686 489722942
1888329621 2041472043
1039142254 1159045233
1589584142 1639342802
102441350 161340376
45178196 1003705622
892968896 993227524
240228386 2019547860
1040730895 1520767030
124764482 192906424
535660106 994397938
853091572 1301584638
156996174 741312444
218627280 1173472908
952245152 1535727236
480278570 1986472482
198962396 952552345
870984655 1778788730
80613417 343930959
231238458 1135011902
1315674738 1974795566
320324560 1600968358
933602314 1466438475
762175654 893973068
398621129 637745208
1039056990 1988629744
1277220863 1307845751
1064490506 1074152800
1020619605 1152752823
242432542 373337021
143839145 260670817
9815980 104188886
1239319164 1855656828
774603920 1843858954
813314259 984710313
91101705 383785520
860465117 1379072158
155668090 270424562
219265970 465134385
855118748 1696944514
166849739 203356696
1536947438 1941912037
296616854 591556110
129880080 184867876
438738386 1654317372
1718122772 1872524084
1067450633 1608430938
1421519118 1522747380
517195976 1038813464
67277122 1775369472
117942594 965052676
1059488218 1809069450
56085700 154169082
181819842 767112261
1564085536 1903994738
42662540 1645582052
570530952 1445749704
347970801 703110078
907566567 1157757762
447972464 841885956
1395042915 1737711579
311949483 390783117
47810358 90921572
770089248 1567242801
614200688 809979282
786488504 1571970222
314369069 1125457360
934961646 1864537989
627823017 1428963549
805366830 1652537354
904687088 1225694790
230201662 1105113400
860579400 1490214882
172945670 346481712
1103254784 1229443878
6499731 140980112
9293788 1646566148
44008480 307651315
668075542 864876978
32296544 107777380
758915928 1385969262
1959356720 2036638134
1833754569 1862334444
1660586130 1916603296
