2
15
Team_1	2A	60	40	30	60	55	50	30	30	55	35	50	0
Team_2	5A	35	50	30	45	50	50	30	60	50	50	0	30
Team_3	6A	35	30	45	45	30	35	30	40	30	0	40	50
Team_4	1A	30	40	0	55	0	30	35	55	40	55	30	60
Team_5	5A	40	55	30	45	55	45	40	0	35	60	40	55
Team_6	4A	0	35	45	40	30	30	0	50	45	55	40	50
Team_7	6A	35	0	45	55	60	0	60	50	55	30	30	50
Team_8	1A	35	45	35	60	40	35	55	40	0	30	45	55
Team_9	6A	30	35	55	0	40	60	30	50	60	35	35	55
Team_10	4A	35	45	0	60	0	40	30	45	55	35	35	60
Team_11	3A	45	0	35	35	45	0	30	55	40	40	60	30
Team_12	5A	0	30	55	45	60	55	0	30	60	35	60	55
Team_13	3A	60	0	55	50	35	30	40	0	50	45	35	35
Team_14	5A	50	45	0	60	40	40	45	40	0	60	45	45
Team_15	2A	35	55	60	0	60	50	60	35	30	0	45	35
Team_1	184	155	70
Team_2	199	192	203
Team_3	136	177	229
Team_4	93	75	121
Team_5	0	210	228
Team_6	180	220	131
Team_7	174	92	235
Team_8	226	55	234
Team_9	92	196	163
Team_10	234	170	145
Team_11	136	178	185
Team_12	185	112	84
Team_13	68	-12	116
Team_14	230	121	146
Team_15	75	97	53
20
Team_1	2A	50	30	55	30	35	55	30	40	55	35	30	0
Team_2	5A	60	30	35	60	45	50	30	30	30	35	0	55
Team_3	6A	50	60	50	50	45	55	45	50	35	0	55	55
Team_4	1A	30	30	40	30	30	30	50	35	0	40	35	60
Team_5	5A	30	50	35	55	30	30	40	0	50	45	40	50
Team_6	4A	0	35	30	40	55	55	0	35	60	60	60	50
Team_7	6A	45	0	35	30	35	0	60	55	30	30	60	60
Team_8	1A	45	60	0	40	0	45	35	30	60	30	60	60
Team_9	2A	30	35	30	0	35	30	30	55	45	45	30	60
Team_10	4A	40	50	0	60	0	55	35	35	40	60	60	60
Team_11	3A	35	0	45	30	35	0	45	35	35	30	45	45
Team_12	5A	0	45	45	45	50	45	0	35	40	45	55	40
Team_13	3A	60	0	50	30	55	50	50	0	30	35	35	55
Team_14	5A	40	55	0	40	35	30	30	50	0	35	50	45
Team_15	2A	40	30	50	0	30	50	60	30	55	0	50	30
Team_16	4A	60	55	55	60	0	50	50	30	30	35	0	55
Team_17	3A	30	55	50	55	50	0	40	40	55	55	50	0
Team_18	6A	40	60	30	50	35	45	0	30	40	55	0	60
Team_19	5A	35	30	50	45	55	40	40	0	45	0	40	45
Team_20	6A	40	30	40	40	50	45	35	55	0	55	30	60
Team_1	98	222	156
Team_2	134	208	140
Team_3	215	128	62
Team_4	180	67	132
Team_5	0	206	210
Team_6	148	141	75
Team_7	218	202	174
Team_8	73	205	231
Team_9	112	103	187
Team_10	193	226	131
Team_11	59	138	193
Team_12	94	176	205
Team_13	210	-12	75
Team_14	231	133	200
Team_15	237	183	121
Team_16	-2	113	196
Team_17	144	99	133
Team_18	168	56	226
Team_19	64	73	57
Team_20	195	93	235
